32768 100 150 80 32768 32768 32768 32768 32768 32768 32768 32768 32768 32768
32768 250 80 32768 350 32768 32768 32768 32768 32768 32768 32768 32768 32768
32768 80 300 32768 32768 32768 32768 32768 32768 32768 32768 32768 32768 32768
32768 270 250 450 32768 32768 32768 32768 32768 32768 32768 32768 200 32768
200 500 480 200 32768 32768 32768 32768 32768 32768 32768 350 32768 32768
32768 200 32768 32768 32768 32768 32768 32768 32768 32768 32768 200 100 50
32768 300 200 200 32768 32768 32768 32768 32768 32768 32768 32768 32768 32768
32768 32768 32768 32768 32768 150 32768 32768 32768 32768 32768 32768 32768 32768
32768 32768 32768 32768 32768 200 32768 32768 32768 32768 32768 32768 32768 32768
32768 32768 32768 32768 200 32768 32768 32768 32768 32768 32768 32768 32768 32768
32768 150 32768 20 32768 32768 32768 32768 32768 32768 32768 32768 32768 32768
32768 70 32768 32768 32768 32768 32768 32768 32768 32768 150 32768 32768 32768
32768 32768 32768 200 32768 100 32768 32768 32768 32768 32768 32768 32768 50
32768 32768 32768 32768 32768 50 32768 32768 32768 32768 32768 32768 50 32768
